0.457763
0.446523
0.446523
0.504775
0.449059
0.409163
0.394632
0.459084
0.502074
0.451554
0.484429
0.470936
0.44469
0.491067
0.458285
0.474106
0.471338
0.486333
0.441502
0.477711
0.463159
0.432895
0.467493
0.440711
0.464605
0.398314
0.484005
0.491641
0.478192
0.438308
0.442799
0.442799
0.426811
0.423083
0.476218
0.475259
0.463572
0.463572
0.399571
0.470694
0.47213
0.355952
0.481006
0.472991
0.842329
0.455995
0.486103
0.428975
0.450403
0.443726
0.5165
0.500527
0.488907
0.456433
0.453296
0.481026
0.428682
0.48336
0.48336
0.476768
0.477432
0.477432
0.474312
0.483218
0.471871
0.487528
0.455242
0.47444
0.476735
0.450285
0.450285
0.467994
0.464063
0.442099
0.480332
0.486999
0.400737
0.386811
0.386811
0.415961
0.476588
0.405758
0.483059
0.403271
0.479441
0.448992
0.47146
0.500381
0.442008
0.453759
0.488339
0.507384
0.435899
0.435899
0.499629
0.480119
0.498607
0.507999
0.492994
0.498235